Id,TagName,Count
"576","ibm-watson","1"
"898","sap","1"
"969","pdp","1"
"970","shiny","1"
"977","generlized-advantaged-estimation","1"